VNUM	TYPE	MODEL	NAME	REG_1	REG_2	REG_3	REG_4	XROT_LIMIT	YROT_LIMIT	ZROT_LIMIT	PRICE	MATERIALS	NPC	GROUP	DEPEND_GROUP	???????
14013	FACILITY	jedan	Fierar Arme	-525	-525	525	525	0	0	360	20000000	90010,20/90011,30/90012,20	20044	2	1	1
14014	FACILITY	jedan	Fierar Armuri	-525	-525	525	525	0	0	360	20000000	90010,20/90011,30/90012,20	20045	2	1	1
14015	FACILITY	jedan	Bijutier	-525	-525	525	525	0	0	360	20000000	90010,20/90011,30/90012,20	20046	2	1	1
14033	FACILITY	suryeonjang	Punct de Instruire	-832.57	-472.99	832.57	472.99	0	0	360	20000000	90010,25/90011,25/90012,25	0	0	0	2
14043	FACILITY	yonggwangro	Prelucrător Diamante	-179.63	-199.89	179.63	199.89	0	0	360	20000000	90010,15/90011,20/90012,25	20060	3	1	1
14045	FACILITY	yonggwangro	Prelucrător Lemn	-179.63	-199.89	179.63	199.89	0	0	360	20000000	90010,15/90011,20/90012,25	20062	3	1	1
14046	FACILITY	yonggwangro	Prelucrător Cupru	-179.63	-199.89	179.63	199.89	0	0	360	20000000	90010,15/90011,20/90012,25	20063	3	1	1
14047	FACILITY	yonggwangro	Prelucrător Argint	-179.63	-199.89	179.63	199.89	0	0	360	20000000	90010,15/90011,20/90012,25	20064	3	1	1
14048	FACILITY	yonggwangro	Prelucrător Aur	-179.63	-199.89	179.63	199.89	0	0	360	20000000	90010,15/90011,20/90012,25	20065	3	1	1
14049	FACILITY	yonggwangro	Prelucrător Jad	-179.63	-199.89	179.63	199.89	0	0	360	20000000	90010,15/90011,20/90012,25	20066	3	1	1
14050	FACILITY	yonggwangro	Prelucrător Ebonită	-179.63	-199.89	179.63	199.89	0	0	360	20000000	90010,15/90011,20/90012,25	20067	3	1	1
14051	FACILITY	yonggwangro	Prelucrător Perle	-179.63	-199.89	179.63	199.89	0	0	360	20000000	90010,15/90011,20/90012,25	20068	3	1	1
14052	FACILITY	yonggwangro	Prelucrător Platină	-179.63	-199.89	179.63	199.89	0	0	360	20000000	90010,15/90011,20/90012,25	20069	3	1	1
14053	FACILITY	yonggwangro	Prelucrător Cristal	-179.63	-199.89	179.63	199.89	0	0	360	20000000	90010,15/90011,20/90012,25	20070	3	1	1
14054	FACILITY	yonggwangro	Prelucrător Ametist	-179.63	-199.89	179.63	199.89	0	0	360	20000000	90010,15/90011,20/90012,25	20071	3	1	1
14055	FACILITY	yonggwangro	Prelucrător Lacrimă	-179.63	-199.89	179.63	199.89	0	0	360	20000000	90010,15/90011,20/90012,25	20072	3	1	1
26992	FACILITY	yonggwangro	Prel. Cristal Spirit	-179.63	-199.89	179.63	199.89	0	0	360	20000000	90010,15/90011,20/90012,25	20072	3	1	1
26993	FACILITY	yonggwangro	Prelucrător Rubin	-179.63	-199.89	179.63	199.89	0	0	360	20000000	90010,15/90011,20/90012,25	20072	3	1	1
26994	FACILITY	yonggwangro	Prelucrător Granat	-179.63	-199.89	179.63	199.89	0	0	360	20000000	90010,15/90011,20/90012,25	20072	3	1	1
26995	FACILITY	yonggwangro	Prelucrător Smaragd	-179.63	-199.89	179.63	199.89	0	0	360	20000000	90010,15/90011,20/90012,25	20072	3	1	1
26996	FACILITY	yonggwangro	Prelucrător Safir	-179.63	-199.89	179.63	199.89	0	0	360	20000000	90010,15/90011,20/90012,25	20072	3	1	1
14061	FACILITY	himuijedan_01	Altarul Puterii	-523.91	-995.84	527.55	750.99	0	0	360	25000000	90010,25/90011,25/90012,25	20077	4	1	1
14062	FACILITY	himuijedan_02	Altarul Puterii	-586.17	-995.84	587.18	818.56	0	0	360	500000000	90010,50/90011,50/90012,50	20078	4	4	2
14063	FACILITY	himuijedan_03	Altarul Puterii	-664.7	-995.84	665.7	896.57	0	0	360	750000000	90010,75/90011,75/90012,75	20079	4	4	2
14100	HEADQUARTER	a1-011-workhouse	Casă (1)	-676.52	-894.26	690.18	749.32	0	0	360	20000000	90010,20/90011,30/90012,25	0	1	0	1
14101	OBJECT	a1-038-wall-corner	Zid (1-1)	-400	-153.53	156.48	400	0	0	360	2000000	90010,15/90011,5/90012,5	0	5	0	2
14102	OBJECT	a1-038-wall-lin	Zid (1-2)	-200	-106.73	300	106.73	0	0	360	1000000	90010,15/90011,5/90012,5	0	5	0	2
14103	OBJECT	a1-038-wall-lin2	Zid (1-3)	-500	-106.73	500	106.73	0	0	360	1000000	90010,15/90011,5/90012,5	0	5	0	2
14104	OBJECT	a1-038-wall-door	Poartă (1)	-1000	-274.73	1000	274.73	0	0	360	2500000	90010,5/90011,15/90012,10	0	5	0	2
14105	BUILDIN	a1-set	Zid (1)	-1000	-274.73	1000	274.73	0	0	360	2500000	90010,5/90011,15/90012,10	0	5	0	1
14110	HEADQUARTER	b1-011-workhouse	Casă (2)	-678.76	-894.26	687.94	749.32	0	0	360	20000000	90010,20/90011,30/90012,25	0	1	0	1
14111	OBJECT	b1-038-wall-corner	Zid (2-1)	-400	-153.53	156.48	400	0	0	360	2000000	90010,15/90011,5/90012,5	0	5	0	2
14112	OBJECT	b1-038-wall-lin	Zid (2-2)	-200	-106.73	300	106.73	0	0	360	1000000	90010,15/90011,5/90012,5	0	5	0	2
14113	OBJECT	b1-038-wall-lin2	Zid (2-3)	-500	-106.73	500	106.73	0	0	360	1000000	90010,15/90011,5/90012,5	0	5	0	2
14114	OBJECT	b1-038-wall-door	Poartă (2)	-1000	-274.73	1000	274.73	0	0	360	2500000	90010,5/90011,15/90012,10	0	5	0	2
14115	BUILDIN	b1-set	Zid (2)	-1000	-274.73	1000	274.73	0	0	360	2500000	90010,5/90011,15/90012,10	0	5	0	1
14120	HEADQUARTER	c1-011-workhouse	Casă (3)	-676.52	-894.26	690.18	749.32	0	0	360	20000000	90010,20/90011,30/90012,25	0	1	0	1
14121	OBJECT	c1-038-wall-corner	Zid (3-1)	-400	-153.53	156.48	400	0	0	360	2000000	90010,15/90011,5/90012,5	0	5	0	2
14122	OBJECT	c1-038-wall-lin	Zid (3-2)	-200	-106.73	300	106.73	0	0	360	1000000	90010,15/90011,5/90012,5	0	5	0	2
14123	OBJECT	c1-038-wall-lin2	Zid (3-3)	-500	-106.73	500	106.73	0	0	360	1000000	90010,15/90011,5/90012,5	0	5	0	2
14124	OBJECT	c1-038-wall-door	Poartă (3)	-1000	-274.73	1000	274.73	0	0	360	2500000	90010,5/90011,15/90012,10	0	5	0	2
14125	BUILDIN	c1-set	Zid (3)	-1000	-274.73	1000	274.73	0	0	360	2500000	90010,5/90011,15/90012,10	0	5	0	1
14200	OBJECT	guild_symbol	Simbol Breaslă	-45.9	-9.44	42.68	40.13	0	0	360	3000000	90011,5/90012,5	0	0	1	1
14201	WALL	fence01_door01	Zid Față	-1000	-54	1000	20	0	0	360	3000000	"90010.50"	0	0	1	1
14202	WALL	fence01_back01	Zid Spate	-1000	-18	1000	18	0	0	360	3000000	"90010.50"	0	0	1	1
14203	WALL	fence01_left01	Zid Stânga	-19	-1362	19	1362	0	0	360	3000000	"90010.50"	0	0	1	1
14204	WALL	fence01_right01	Zid Dreapta	-18	-1362	18	1362	0	0	360	3000000	"90010.50"	0	0	1	1
14300	OBJECT	general_obj_stone01	Piatră (1)	-116.04	-118.44	116.04	118.44	0	0	360	300000	90010,5	0	0	0	1
14301	OBJECT	general_obj_stone02	Piatră (2)	-118.05	-132.67	118.05	132.67	0	0	360	300000	90010,5	0	0	0	1
14302	OBJECT	general_obj_stone03	Piatră (3)	-133.43	-102.96	133.43	102.96	0	0	360	300000	90010,7	0	0	0	1
14303	OBJECT	general_obj_stone04	Piatră (4)	-104.21	-117.82	104.21	117.82	0	0	360	300000	90010,7	0	0	0	1
14304	OBJECT	general_obj_stone05	Piatră (5)	-171.59	-145.52	171.59	145.52	0	0	360	300000	90010,7	0	0	0	1
14305	OBJECT	general_obj_stone06	Piatră (6)	-192.74	-201.58	192.74	201.58	0	0	360	300000	90010,8	0	0	0	1
14306	OBJECT	general_obj_stone07	Piatră (7)	-183.58	-184.01	183.58	184.01	0	0	360	300000	90010,8	0	0	0	1
14307	OBJECT	general_obj_stone08	Piatră (8)	-66.89	-56.67	66.89	56.67	0	0	360	300000	90010,8	0	0	0	1
14308	OBJECT	general_obj_stone09	Piatră (9)	-65.87	-53.47	65.87	53.47	0	0	360	300000	90010,9	0	0	0	1
14309	OBJECT	general_obj_stone10	Piatră (10)	-182.17	-123.03	182.17	123.03	0	0	360	300000	90010,9	0	0	0	1
14400	OBJECT	B1_PagodaTree_RT	Copac (1)					0	0	360	2000000	90011,5	0	0	0	1
14401	OBJECT	B1_PagodaTree_RT3	Copac (2)					0	0	360	2000000	90011,5	0	0	0	1
14402	OBJECT	B1_Sassafras_RT_Fall	Copac (3)					0	0	360	2000000	90011,7	0	0	0	1
14403	OBJECT	B1_Sassafras_RT_Fall2	Copac (4)					0	0	360	2000000	90011,7	0	0	0	1
14404	OBJECT	B3_ShingleOak_RT2	Copac (5)					0	0	360	2000000	90011,7	0	0	0	1
14405	OBJECT	B2_IvySpy_RT	Copac (6)					0	0	360	2000000	90011,9	0	0	0	1
14406	OBJECT	B2_IvySpy_RT4	Copac (7)					0	0	360	2000000	90011,9	0	0	0	1
14407	OBJECT	B2_JapaneseMaple_RT_Fall	Copac (8)					0	0	360	2000000	90011,9	0	0	0	1
14408	OBJECT	B2_JapaneseMaple_RT_Fall2	Copac (9)					0	0	360	2000000	90011,9	0	0	0	1
